,p1,p2,p3,p4,ll
0,0.01,0.01,0.01,0.97,-2077.881335797684
1,0.01,0.01,0.035,0.945,-1731.5990276802834
2,0.01,0.01,0.060000000000000005,0.92,-1521.9240127715125
3,0.01,0.01,0.085,0.895,-1373.07808452839
4,0.01,0.01,0.11000000000000001,0.87,-1258.9267776762122
5,0.01,0.01,0.135,0.845,-1167.3105312729024
6,0.01,0.01,0.16,0.8200000000000001,-1091.5796099616423
7,0.01,0.01,0.185,0.795,-1027.7037921466842
8,0.01,0.01,0.21,0.77,-973.0600644239581
9,0.01,0.01,0.235,0.745,-925.850137129825
10,0.01,0.01,0.26,0.72,-884.7919545792975
11,0.01,0.01,0.28500000000000003,0.695,-848.943874033242
12,0.01,0.01,0.31000000000000005,0.6699999999999999,-817.5985657146474
13,0.01,0.01,0.3350000000000001,0.6449999999999999,-790.2160207780546
14,0.01,0.01,0.3600000000000001,0.6199999999999999,-766.3797056557175
15,0.01,0.01,0.3850000000000001,0.5949999999999999,-745.7670587771318
16,0.01,0.01,0.41000000000000014,0.5699999999999998,-728.1292467645831
17,0.01,0.01,0.43500000000000016,0.5449999999999998,-713.2771376134339
18,0.01,0.01,0.4600000000000002,0.5199999999999998,-701.0716222263769
19,0.01,0.01,0.4850000000000002,0.4949999999999998,-691.4171237232183
20,0.01,0.01,0.5100000000000002,0.46999999999999975,-684.2575846030575
21,0.01,0.01,0.5350000000000003,0.44499999999999973,-679.5745300151623
22,0.01,0.01,0.5600000000000003,0.4199999999999997,-677.387039661786
23,0.01,0.01,0.5850000000000003,0.3949999999999997,-677.7536678276103
24,0.01,0.01,0.6100000000000003,0.36999999999999966,-680.7765700467023
25,0.01,0.01,0.6350000000000003,0.34499999999999964,-686.6083697930848
26,0.01,0.01,0.6600000000000004,0.3199999999999996,-695.4626915886769
27,0.01,0.01,0.6850000000000004,0.2949999999999996,-707.6299016700449
28,0.01,0.01,0.7100000000000004,0.2699999999999996,-723.5006232239098
29,0.01,0.01,0.7350000000000004,0.24499999999999955,-743.6014001405788
30,0.01,0.01,0.7600000000000005,0.21999999999999953,-768.650238737654
31,0.01,0.01,0.7850000000000005,0.1949999999999995,-799.6463590129033
32,0.01,0.01,0.8100000000000005,0.16999999999999948,-838.0223835887904
33,0.01,0.01,0.8350000000000005,0.14499999999999946,-885.9189456435291
34,0.01,0.01,0.8600000000000005,0.11999999999999944,-946.7221691975595
35,0.01,0.01,0.8850000000000006,0.09499999999999942,-1026.2381946950582
36,0.01,0.01,0.9100000000000006,0.0699999999999994,-1135.70001325909
37,0.01,0.01,0.9350000000000006,0.044999999999999374,-1301.6690161433855
38,0.01,0.01,0.9600000000000006,0.01999999999999935,-1619.740849840987
39,0.01,0.035,0.01,0.945,-1731.5990276802834
40,0.01,0.035,0.035,0.9199999999999999,-1521.9240127715125
41,0.01,0.035,0.060000000000000005,0.895,-1373.07808452839
42,0.01,0.035,0.085,0.87,-1258.9267776762122
43,0.01,0.035,0.11000000000000001,0.845,-1167.3105312729024
44,0.01,0.035,0.135,0.82,-1091.5796099616423
45,0.01,0.035,0.16,0.7949999999999999,-1027.7037921466842
46,0.01,0.035,0.185,0.77,-973.0600644239581
47,0.01,0.035,0.21,0.745,-925.850137129825
48,0.01,0.035,0.235,0.72,-884.7919545792975
49,0.01,0.035,0.26,0.6950000000000001,-848.943874033242
50,0.01,0.035,0.28500000000000003,0.6699999999999999,-817.5985657146474
51,0.01,0.035,0.31000000000000005,0.645,-790.2160207780546
52,0.01,0.035,0.3350000000000001,0.6199999999999999,-766.3797056557175
53,0.01,0.035,0.3600000000000001,0.595,-745.7670587771318
54,0.01,0.035,0.3850000000000001,0.5699999999999998,-728.1292467645831
55,0.01,0.035,0.41000000000000014,0.5449999999999999,-713.2771376134339
56,0.01,0.035,0.43500000000000016,0.5199999999999998,-701.0716222263769
57,0.01,0.035,0.4600000000000002,0.4949999999999998,-691.4171237232183
58,0.01,0.035,0.4850000000000002,0.46999999999999975,-684.2575846030575
59,0.01,0.035,0.5100000000000002,0.44499999999999973,-679.5745300151623
60,0.01,0.035,0.5350000000000003,0.4199999999999997,-677.387039661786
61,0.01,0.035,0.5600000000000003,0.3949999999999997,-677.7536678276103
62,0.01,0.035,0.5850000000000003,0.36999999999999966,-680.7765700467023
63,0.01,0.035,0.6100000000000003,0.34499999999999964,-686.6083697930848
64,0.01,0.035,0.6350000000000003,0.3199999999999996,-695.4626915886769
65,0.01,0.035,0.6600000000000004,0.2949999999999996,-707.6299016700449
66,0.01,0.035,0.6850000000000004,0.2699999999999996,-723.5006232239098
67,0.01,0.035,0.7100000000000004,0.24499999999999955,-743.6014001405788
68,0.01,0.035,0.7350000000000004,0.21999999999999953,-768.650238737654
69,0.01,0.035,0.7600000000000005,0.1949999999999995,-799.6463590129033
70,0.01,0.035,0.7850000000000005,0.16999999999999948,-838.0223835887904
71,0.01,0.035,0.8100000000000005,0.14499999999999946,-885.9189456435291
72,0.01,0.035,0.8350000000000005,0.11999999999999944,-946.7221691975595
73,0.01,0.035,0.8600000000000005,0.09499999999999942,-1026.2381946950582
74,0.01,0.035,0.8850000000000006,0.0699999999999994,-1135.70001325909
75,0.01,0.035,0.9100000000000006,0.044999999999999374,-1301.6690161433855
76,0.01,0.035,0.9350000000000006,0.01999999999999935,-1619.740849840987
77,0.01,0.060000000000000005,0.01,0.92,-1521.9240127715125
78,0.01,0.060000000000000005,0.035,0.895,-1373.07808452839
79,0.01,0.060000000000000005,0.060000000000000005,0.87,-1258.9267776762122
80,0.01,0.060000000000000005,0.085,0.845,-1167.3105312729024
81,0.01,0.060000000000000005,0.11000000000000001,0.82,-1091.5796099616423
82,0.01,0.060000000000000005,0.135,0.7949999999999999,-1027.7037921466842
83,0.01,0.060000000000000005,0.16,0.77,-973.0600644239581
84,0.01,0.060000000000000005,0.185,0.745,-925.850137129825
85,0.01,0.060000000000000005,0.21,0.72,-884.7919545792975
86,0.01,0.060000000000000005,0.235,0.6950000000000001,-848.943874033242
87,0.01,0.060000000000000005,0.26,0.6699999999999999,-817.5985657146474
88,0.01,0.060000000000000005,0.28500000000000003,0.645,-790.2160207780546
89,0.01,0.060000000000000005,0.31000000000000005,0.6199999999999999,-766.3797056557175
90,0.01,0.060000000000000005,0.3350000000000001,0.595,-745.7670587771318
91,0.01,0.060000000000000005,0.3600000000000001,0.5699999999999998,-728.1292467645831
92,0.01,0.060000000000000005,0.3850000000000001,0.5449999999999999,-713.2771376134339
93,0.01,0.060000000000000005,0.41000000000000014,0.5199999999999998,-701.0716222263769
94,0.01,0.060000000000000005,0.43500000000000016,0.4949999999999999,-691.4171237232183
95,0.01,0.060000000000000005,0.4600000000000002,0.46999999999999975,-684.2575846030575
96,0.01,0.060000000000000005,0.4850000000000002,0.44499999999999984,-679.5745300151623
97,0.01,0.060000000000000005,0.5100000000000002,0.4199999999999997,-677.387039661786
98,0.01,0.060000000000000005,0.5350000000000003,0.3949999999999998,-677.7536678276103
99,0.01,0.060000000000000005,0.5600000000000003,0.36999999999999966,-680.7765700467023
100,0.01,0.060000000000000005,0.5850000000000003,0.34499999999999975,-686.6083697930848
101,0.01,0.060000000000000005,0.6100000000000003,0.3199999999999996,-695.4626915886769
102,0.01,0.060000000000000005,0.6350000000000003,0.2949999999999997,-707.6299016700449
103,0.01,0.060000000000000005,0.6600000000000004,0.2699999999999996,-723.5006232239098
104,0.01,0.060000000000000005,0.6850000000000004,0.24499999999999966,-743.6014001405788
105,0.01,0.060000000000000005,0.7100000000000004,0.21999999999999953,-768.650238737654
106,0.01,0.060000000000000005,0.7350000000000004,0.19499999999999962,-799.6463590129033
107,0.01,0.060000000000000005,0.7600000000000005,0.16999999999999948,-838.0223835887904
108,0.01,0.060000000000000005,0.7850000000000005,0.14499999999999957,-885.9189456435291
109,0.01,0.060000000000000005,0.8100000000000005,0.11999999999999944,-946.7221691975595
110,0.01,0.060000000000000005,0.8350000000000005,0.09499999999999953,-1026.2381946950582
111,0.01,0.060000000000000005,0.8600000000000005,0.0699999999999994,-1135.70001325909
112,0.01,0.060000000000000005,0.8850000000000006,0.044999999999999485,-1301.6690161433855
113,0.01,0.060000000000000005,0.9100000000000006,0.01999999999999935,-1619.740849840987
114,0.01,0.085,0.01,0.895,-1373.07808452839
115,0.01,0.085,0.035,0.87,-1258.9267776762122
116,0.01,0.085,0.060000000000000005,0.845,-1167.3105312729024
117,0.01,0.085,0.085,0.8200000000000001,-1091.5796099616423
118,0.01,0.085,0.11000000000000001,0.7949999999999999,-1027.7037921466842
119,0.01,0.085,0.135,0.77,-973.0600644239581
120,0.01,0.085,0.16,0.745,-925.850137129825
121,0.01,0.085,0.185,0.72,-884.7919545792975
122,0.01,0.085,0.21,0.6950000000000001,-848.943874033242
123,0.01,0.085,0.235,0.67,-817.5985657146474
124,0.01,0.085,0.26,0.645,-790.2160207780546
125,0.01,0.085,0.28500000000000003,0.62,-766.3797056557175
126,0.01,0.085,0.31000000000000005,0.595,-745.7670587771318
127,0.01,0.085,0.3350000000000001,0.57,-728.1292467645831
128,0.01,0.085,0.3600000000000001,0.5449999999999999,-713.2771376134339
129,0.01,0.085,0.3850000000000001,0.5199999999999999,-701.0716222263769
130,0.01,0.085,0.41000000000000014,0.4949999999999999,-691.4171237232183
131,0.01,0.085,0.43500000000000016,0.46999999999999986,-684.2575846030575
132,0.01,0.085,0.4600000000000002,0.44499999999999984,-679.5745300151623
133,0.01,0.085,0.4850000000000002,0.4199999999999998,-677.387039661786
134,0.01,0.085,0.5100000000000002,0.3949999999999998,-677.7536678276103
135,0.01,0.085,0.5350000000000003,0.3699999999999998,-680.7765700467023
136,0.01,0.085,0.5600000000000003,0.34499999999999975,-686.6083697930848
137,0.01,0.085,0.5850000000000003,0.31999999999999973,-695.4626915886769
138,0.01,0.085,0.6100000000000003,0.2949999999999997,-707.6299016700449
139,0.01,0.085,0.6350000000000003,0.2699999999999997,-723.5006232239098
140,0.01,0.085,0.6600000000000004,0.24499999999999966,-743.6014001405788
141,0.01,0.085,0.6850000000000004,0.21999999999999964,-768.650238737654
142,0.01,0.085,0.7100000000000004,0.19499999999999962,-799.6463590129033
143,0.01,0.085,0.7350000000000004,0.1699999999999996,-838.0223835887904
144,0.01,0.085,0.7600000000000005,0.14499999999999957,-885.9189456435291
145,0.01,0.085,0.7850000000000005,0.11999999999999955,-946.7221691975595
146,0.01,0.085,0.8100000000000005,0.09499999999999953,-1026.2381946950582
147,0.01,0.085,0.8350000000000005,0.06999999999999951,-1135.70001325909
148,0.01,0.085,0.8600000000000005,0.044999999999999485,-1301.6690161433855
149,0.01,0.085,0.8850000000000006,0.019999999999999463,-1619.740849840987
150,0.01,0.11000000000000001,0.01,0.87,-1258.9267776762122
151,0.01,0.11000000000000001,0.035,0.845,-1167.3105312729024
152,0.01,0.11000000000000001,0.060000000000000005,0.82,-1091.5796099616423
153,0.01,0.11000000000000001,0.085,0.7949999999999999,-1027.7037921466842
154,0.01,0.11000000000000001,0.11000000000000001,0.77,-973.0600644239581
155,0.01,0.11000000000000001,0.135,0.745,-925.850137129825
156,0.01,0.11000000000000001,0.16,0.72,-884.7919545792975
157,0.01,0.11000000000000001,0.185,0.6950000000000001,-848.943874033242
158,0.01,0.11000000000000001,0.21,0.6699999999999999,-817.5985657146474
159,0.01,0.11000000000000001,0.235,0.645,-790.2160207780546
160,0.01,0.11000000000000001,0.26,0.62,-766.3797056557175
161,0.01,0.11000000000000001,0.28500000000000003,0.595,-745.7670587771318
162,0.01,0.11000000000000001,0.31000000000000005,0.57,-728.1292467645831
163,0.01,0.11000000000000001,0.3350000000000001,0.5449999999999999,-713.2771376134339
164,0.01,0.11000000000000001,0.3600000000000001,0.5199999999999999,-701.0716222263769
165,0.01,0.11000000000000001,0.3850000000000001,0.4949999999999999,-691.4171237232183
166,0.01,0.11000000000000001,0.41000000000000014,0.46999999999999986,-684.2575846030575
167,0.01,0.11000000000000001,0.43500000000000016,0.44499999999999984,-679.5745300151623
168,0.01,0.11000000000000001,0.4600000000000002,0.4199999999999998,-677.387039661786
169,0.01,0.11000000000000001,0.4850000000000002,0.3949999999999998,-677.7536678276103
170,0.01,0.11000000000000001,0.5100000000000002,0.3699999999999998,-680.7765700467023
171,0.01,0.11000000000000001,0.5350000000000003,0.34499999999999975,-686.6083697930848
172,0.01,0.11000000000000001,0.5600000000000003,0.31999999999999973,-695.4626915886769
173,0.01,0.11000000000000001,0.5850000000000003,0.2949999999999997,-707.6299016700449
174,0.01,0.11000000000000001,0.6100000000000003,0.2699999999999997,-723.5006232239098
175,0.01,0.11000000000000001,0.6350000000000003,0.24499999999999966,-743.6014001405788
176,0.01,0.11000000000000001,0.6600000000000004,0.21999999999999964,-768.650238737654
177,0.01,0.11000000000000001,0.6850000000000004,0.19499999999999962,-799.6463590129033
178,0.01,0.11000000000000001,0.7100000000000004,0.1699999999999996,-838.0223835887904
179,0.01,0.11000000000000001,0.7350000000000004,0.14499999999999957,-885.9189456435291
180,0.01,0.11000000000000001,0.7600000000000005,0.11999999999999955,-946.7221691975595
181,0.01,0.11000000000000001,0.7850000000000005,0.09499999999999953,-1026.2381946950582
182,0.01,0.11000000000000001,0.8100000000000005,0.06999999999999951,-1135.70001325909
183,0.01,0.11000000000000001,0.8350000000000005,0.044999999999999485,-1301.6690161433855
184,0.01,0.11000000000000001,0.8600000000000005,0.019999999999999463,-1619.740849840987
185,0.01,0.135,0.01,0.845,-1167.3105312729024
186,0.01,0.135,0.035,0.82,-1091.5796099616423
187,0.01,0.135,0.060000000000000005,0.7949999999999999,-1027.7037921466842
188,0.01,0.135,0.085,0.77,-973.0600644239581
189,0.01,0.135,0.11000000000000001,0.745,-925.850137129825
190,0.01,0.135,0.135,0.72,-884.7919545792975
191,0.01,0.135,0.16,0.695,-848.943874033242
192,0.01,0.135,0.185,0.6699999999999999,-817.5985657146474
193,0.01,0.135,0.21,0.645,-790.2160207780546
194,0.01,0.135,0.235,0.62,-766.3797056557175
195,0.01,0.135,0.26,0.595,-745.7670587771318
196,0.01,0.135,0.28500000000000003,0.57,-728.1292467645831
197,0.01,0.135,0.31000000000000005,0.5449999999999999,-713.2771376134339
198,0.01,0.135,0.3350000000000001,0.5199999999999999,-701.0716222263769
199,0.01,0.135,0.3600000000000001,0.4949999999999999,-691.4171237232183
200,0.01,0.135,0.3850000000000001,0.46999999999999986,-684.2575846030575
201,0.01,0.135,0.41000000000000014,0.44499999999999984,-679.5745300151623
202,0.01,0.135,0.43500000000000016,0.4199999999999998,-677.387039661786
203,0.01,0.135,0.4600000000000002,0.3949999999999998,-677.7536678276103
204,0.01,0.135,0.4850000000000002,0.3699999999999998,-680.7765700467023
205,0.01,0.135,0.5100000000000002,0.34499999999999975,-686.6083697930848
206,0.01,0.135,0.5350000000000003,0.31999999999999973,-695.4626915886769
207,0.01,0.135,0.5600000000000003,0.2949999999999997,-707.6299016700449
208,0.01,0.135,0.5850000000000003,0.2699999999999997,-723.5006232239098
209,0.01,0.135,0.6100000000000003,0.24499999999999966,-743.6014001405788
210,0.01,0.135,0.6350000000000003,0.21999999999999964,-768.650238737654
211,0.01,0.135,0.6600000000000004,0.19499999999999962,-799.6463590129033
212,0.01,0.135,0.6850000000000004,0.1699999999999996,-838.0223835887904
213,0.01,0.135,0.7100000000000004,0.14499999999999957,-885.9189456435291
214,0.01,0.135,0.7350000000000004,0.11999999999999955,-946.7221691975595
215,0.01,0.135,0.7600000000000005,0.09499999999999953,-1026.2381946950582
216,0.01,0.135,0.7850000000000005,0.06999999999999951,-1135.70001325909
217,0.01,0.135,0.8100000000000005,0.044999999999999485,-1301.6690161433855
218,0.01,0.135,0.8350000000000005,0.019999999999999463,-1619.740849840987
219,0.01,0.16,0.01,0.82,-1091.5796099616423
220,0.01,0.16,0.035,0.7949999999999999,-1027.7037921466842
221,0.01,0.16,0.060000000000000005,0.77,-973.0600644239581
222,0.01,0.16,0.085,0.745,-925.850137129825
223,0.01,0.16,0.11000000000000001,0.72,-884.7919545792975
224,0.01,0.16,0.135,0.695,-848.943874033242
225,0.01,0.16,0.16,0.6699999999999999,-817.5985657146474
226,0.01,0.16,0.185,0.645,-790.2160207780546
227,0.01,0.16,0.21,0.62,-766.3797056557175
228,0.01,0.16,0.235,0.595,-745.7670587771318
229,0.01,0.16,0.26,0.57,-728.1292467645831
230,0.01,0.16,0.28500000000000003,0.5449999999999999,-713.2771376134339
231,0.01,0.16,0.31000000000000005,0.5199999999999999,-701.0716222263769
232,0.01,0.16,0.3350000000000001,0.4949999999999999,-691.4171237232183
233,0.01,0.16,0.3600000000000001,0.46999999999999986,-684.2575846030575
234,0.01,0.16,0.3850000000000001,0.44499999999999984,-679.5745300151623
235,0.01,0.16,0.41000000000000014,0.4199999999999998,-677.387039661786
236,0.01,0.16,0.43500000000000016,0.3949999999999998,-677.7536678276103
237,0.01,0.16,0.4600000000000002,0.3699999999999998,-680.7765700467023
238,0.01,0.16,0.4850000000000002,0.34499999999999975,-686.6083697930848
239,0.01,0.16,0.5100000000000002,0.31999999999999973,-695.4626915886769
240,0.01,0.16,0.5350000000000003,0.2949999999999997,-707.6299016700449
241,0.01,0.16,0.5600000000000003,0.2699999999999997,-723.5006232239098
242,0.01,0.16,0.5850000000000003,0.24499999999999966,-743.6014001405788
243,0.01,0.16,0.6100000000000003,0.21999999999999964,-768.650238737654
244,0.01,0.16,0.6350000000000003,0.19499999999999962,-799.6463590129033
245,0.01,0.16,0.6600000000000004,0.1699999999999996,-838.0223835887904
246,0.01,0.16,0.6850000000000004,0.14499999999999957,-885.9189456435291
247,0.01,0.16,0.7100000000000004,0.11999999999999955,-946.7221691975595
248,0.01,0.16,0.7350000000000004,0.09499999999999953,-1026.2381946950582
249,0.01,0.16,0.7600000000000005,0.06999999999999951,-1135.70001325909
250,0.01,0.16,0.7850000000000005,0.044999999999999485,-1301.6690161433855
251,0.01,0.16,0.8100000000000005,0.019999999999999463,-1619.740849840987
252,0.01,0.185,0.01,0.7949999999999999,-1027.7037921466842
253,0.01,0.185,0.035,0.77,-973.0600644239581
254,0.01,0.185,0.060000000000000005,0.745,-925.850137129825
255,0.01,0.185,0.085,0.72,-884.7919545792975
256,0.01,0.185,0.11000000000000001,0.695,-848.943874033242
257,0.01,0.185,0.135,0.6699999999999999,-817.5985657146474
258,0.01,0.185,0.16,0.645,-790.2160207780546
259,0.01,0.185,0.185,0.62,-766.3797056557175
260,0.01,0.185,0.21,0.595,-745.7670587771318
261,0.01,0.185,0.235,0.5700000000000001,-728.1292467645831
262,0.01,0.185,0.26,0.5449999999999999,-713.2771376134339
263,0.01,0.185,0.28500000000000003,0.52,-701.0716222263769
264,0.01,0.185,0.31000000000000005,0.4949999999999999,-691.4171237232183
265,0.01,0.185,0.3350000000000001,0.47,-684.2575846030575
266,0.01,0.185,0.3600000000000001,0.44499999999999984,-679.5745300151623
267,0.01,0.185,0.3850000000000001,0.41999999999999993,-677.387039661786
268,0.01,0.185,0.41000000000000014,0.3949999999999998,-677.7536678276103
269,0.01,0.185,0.43500000000000016,0.3699999999999999,-680.7765700467023
270,0.01,0.185,0.4600000000000002,0.34499999999999975,-686.6083697930848
271,0.01,0.185,0.4850000000000002,0.31999999999999984,-695.4626915886769
272,0.01,0.185,0.5100000000000002,0.2949999999999997,-707.6299016700449
273,0.01,0.185,0.5350000000000003,0.2699999999999998,-723.5006232239098
274,0.01,0.185,0.5600000000000003,0.24499999999999966,-743.6014001405788
275,0.01,0.185,0.5850000000000003,0.21999999999999975,-768.650238737654
276,0.01,0.185,0.6100000000000003,0.19499999999999962,-799.6463590129033
277,0.01,0.185,0.6350000000000003,0.1699999999999997,-838.0223835887904
278,0.01,0.185,0.6600000000000004,0.14499999999999957,-885.9189456435291
279,0.01,0.185,0.6850000000000004,0.11999999999999966,-946.7221691975595
280,0.01,0.185,0.7100000000000004,0.09499999999999953,-1026.2381946950582
281,0.01,0.185,0.7350000000000004,0.06999999999999962,-1135.70001325909
282,0.01,0.185,0.7600000000000005,0.044999999999999485,-1301.6690161433855
283,0.01,0.185,0.7850000000000005,0.019999999999999574,-1619.740849840987
284,0.01,0.21,0.01,0.77,-973.0600644239581
285,0.01,0.21,0.035,0.745,-925.850137129825
286,0.01,0.21,0.060000000000000005,0.72,-884.7919545792975
287,0.01,0.21,0.085,0.6950000000000001,-848.943874033242
288,0.01,0.21,0.11000000000000001,0.6699999999999999,-817.5985657146474
289,0.01,0.21,0.135,0.645,-790.2160207780546
290,0.01,0.21,0.16,0.62,-766.3797056557175
291,0.01,0.21,0.185,0.595,-745.7670587771318
292,0.01,0.21,0.21,0.5700000000000001,-728.1292467645831
293,0.01,0.21,0.235,0.545,-713.2771376134339
294,0.01,0.21,0.26,0.52,-701.0716222263769
295,0.01,0.21,0.28500000000000003,0.495,-691.4171237232183
296,0.01,0.21,0.31000000000000005,0.47,-684.2575846030575
297,0.01,0.21,0.3350000000000001,0.44499999999999995,-679.5745300151623
298,0.01,0.21,0.3600000000000001,0.41999999999999993,-677.387039661786
299,0.01,0.21,0.3850000000000001,0.3949999999999999,-677.7536678276103
300,0.01,0.21,0.41000000000000014,0.3699999999999999,-680.7765700467023
301,0.01,0.21,0.43500000000000016,0.34499999999999986,-686.6083697930848
302,0.01,0.21,0.4600000000000002,0.31999999999999984,-695.4626915886769
303,0.01,0.21,0.4850000000000002,0.2949999999999998,-707.6299016700449
304,0.01,0.21,0.5100000000000002,0.2699999999999998,-723.5006232239098
305,0.01,0.21,0.5350000000000003,0.24499999999999977,-743.6014001405788
306,0.01,0.21,0.5600000000000003,0.21999999999999975,-768.650238737654
307,0.01,0.21,0.5850000000000003,0.19499999999999973,-799.6463590129033
308,0.01,0.21,0.6100000000000003,0.1699999999999997,-838.0223835887904
309,0.01,0.21,0.6350000000000003,0.14499999999999968,-885.9189456435291
310,0.01,0.21,0.6600000000000004,0.11999999999999966,-946.7221691975595
311,0.01,0.21,0.6850000000000004,0.09499999999999964,-1026.2381946950582
312,0.01,0.21,0.7100000000000004,0.06999999999999962,-1135.70001325909
313,0.01,0.21,0.7350000000000004,0.044999999999999596,-1301.6690161433855
314,0.01,0.21,0.7600000000000005,0.019999999999999574,-1619.740849840987
315,0.01,0.235,0.01,0.745,-925.850137129825
316,0.01,0.235,0.035,0.72,-884.7919545792975
317,0.01,0.235,0.060000000000000005,0.6950000000000001,-848.943874033242
318,0.01,0.235,0.085,0.6699999999999999,-817.5985657146474
319,0.01,0.235,0.11000000000000001,0.645,-790.2160207780546
320,0.01,0.235,0.135,0.62,-766.3797056557175
321,0.01,0.235,0.16,0.595,-745.7670587771318
322,0.01,0.235,0.185,0.5700000000000001,-728.1292467645831
323,0.01,0.235,0.21,0.545,-713.2771376134339
324,0.01,0.235,0.235,0.52,-701.0716222263769
325,0.01,0.235,0.26,0.495,-691.4171237232183
326,0.01,0.235,0.28500000000000003,0.47,-684.2575846030575
327,0.01,0.235,0.31000000000000005,0.44499999999999995,-679.5745300151623
328,0.01,0.235,0.3350000000000001,0.41999999999999993,-677.387039661786
329,0.01,0.235,0.3600000000000001,0.3949999999999999,-677.7536678276103
330,0.01,0.235,0.3850000000000001,0.3699999999999999,-680.7765700467023
331,0.01,0.235,0.41000000000000014,0.34499999999999986,-686.6083697930848
332,0.01,0.235,0.43500000000000016,0.31999999999999984,-695.4626915886769
333,0.01,0.235,0.4600000000000002,0.2949999999999998,-707.6299016700449
334,0.01,0.235,0.4850000000000002,0.2699999999999998,-723.5006232239098
335,0.01,0.235,0.5100000000000002,0.24499999999999977,-743.6014001405788
336,0.01,0.235,0.5350000000000003,0.21999999999999975,-768.650238737654
337,0.01,0.235,0.5600000000000003,0.19499999999999973,-799.6463590129033
338,0.01,0.235,0.5850000000000003,0.1699999999999997,-838.0223835887904
339,0.01,0.235,0.6100000000000003,0.14499999999999968,-885.9189456435291
340,0.01,0.235,0.6350000000000003,0.11999999999999966,-946.7221691975595
341,0.01,0.235,0.6600000000000004,0.09499999999999964,-1026.2381946950582
342,0.01,0.235,0.6850000000000004,0.06999999999999962,-1135.70001325909
343,0.01,0.235,0.7100000000000004,0.044999999999999596,-1301.6690161433855
344,0.01,0.235,0.7350000000000004,0.019999999999999574,-1619.740849840987
345,0.01,0.26,0.01,0.72,-884.7919545792975
346,0.01,0.26,0.035,0.695,-848.943874033242
347,0.01,0.26,0.060000000000000005,0.6699999999999999,-817.5985657146474
348,0.01,0.26,0.085,0.645,-790.2160207780546
349,0.01,0.26,0.11000000000000001,0.62,-766.3797056557175
350,0.01,0.26,0.135,0.595,-745.7670587771318
351,0.01,0.26,0.16,0.57,-728.1292467645831
352,0.01,0.26,0.185,0.5449999999999999,-713.2771376134339
353,0.01,0.26,0.21,0.52,-701.0716222263769
354,0.01,0.26,0.235,0.495,-691.4171237232183
355,0.01,0.26,0.26,0.47,-684.2575846030575
356,0.01,0.26,0.28500000000000003,0.44499999999999995,-679.5745300151623
357,0.01,0.26,0.31000000000000005,0.41999999999999993,-677.387039661786
358,0.01,0.26,0.3350000000000001,0.3949999999999999,-677.7536678276103
359,0.01,0.26,0.3600000000000001,0.3699999999999999,-680.7765700467023
360,0.01,0.26,0.3850000000000001,0.34499999999999986,-686.6083697930848
361,0.01,0.26,0.41000000000000014,0.31999999999999984,-695.4626915886769
362,0.01,0.26,0.43500000000000016,0.2949999999999998,-707.6299016700449
363,0.01,0.26,0.4600000000000002,0.2699999999999998,-723.5006232239098
364,0.01,0.26,0.4850000000000002,0.24499999999999977,-743.6014001405788
365,0.01,0.26,0.5100000000000002,0.21999999999999975,-768.650238737654
366,0.01,0.26,0.5350000000000003,0.19499999999999973,-799.6463590129033
367,0.01,0.26,0.5600000000000003,0.1699999999999997,-838.0223835887904
368,0.01,0.26,0.5850000000000003,0.14499999999999968,-885.9189456435291
369,0.01,0.26,0.6100000000000003,0.11999999999999966,-946.7221691975595
370,0.01,0.26,0.6350000000000003,0.09499999999999964,-1026.2381946950582
371,0.01,0.26,0.6600000000000004,0.06999999999999962,-1135.70001325909
372,0.01,0.26,0.6850000000000004,0.044999999999999596,-1301.6690161433855
373,0.01,0.26,0.7100000000000004,0.019999999999999574,-1619.740849840987
374,0.01,0.28500000000000003,0.01,0.695,-848.943874033242
375,0.01,0.28500000000000003,0.035,0.6699999999999999,-817.5985657146474
376,0.01,0.28500000000000003,0.060000000000000005,0.645,-790.2160207780546
377,0.01,0.28500000000000003,0.085,0.6199999999999999,-766.3797056557175
378,0.01,0.28500000000000003,0.11000000000000001,0.595,-745.7670587771318
379,0.01,0.28500000000000003,0.135,0.57,-728.1292467645831
380,0.01,0.28500000000000003,0.16,0.5449999999999999,-713.2771376134339
381,0.01,0.28500000000000003,0.185,0.52,-701.0716222263769
382,0.01,0.28500000000000003,0.21,0.495,-691.4171237232183
383,0.01,0.28500000000000003,0.235,0.47,-684.2575846030575
384,0.01,0.28500000000000003,0.26,0.44499999999999995,-679.5745300151623
385,0.01,0.28500000000000003,0.28500000000000003,0.41999999999999993,-677.387039661786
386,0.01,0.28500000000000003,0.31000000000000005,0.3949999999999999,-677.7536678276103
387,0.01,0.28500000000000003,0.3350000000000001,0.3699999999999999,-680.7765700467023
388,0.01,0.28500000000000003,0.3600000000000001,0.34499999999999986,-686.6083697930848
389,0.01,0.28500000000000003,0.3850000000000001,0.31999999999999984,-695.4626915886769
390,0.01,0.28500000000000003,0.41000000000000014,0.2949999999999998,-707.6299016700449
391,0.01,0.28500000000000003,0.43500000000000016,0.2699999999999998,-723.5006232239098
392,0.01,0.28500000000000003,0.4600000000000002,0.24499999999999977,-743.6014001405788
393,0.01,0.28500000000000003,0.4850000000000002,0.21999999999999975,-768.650238737654
394,0.01,0.28500000000000003,0.5100000000000002,0.19499999999999973,-799.6463590129033
395,0.01,0.28500000000000003,0.5350000000000003,0.1699999999999997,-838.0223835887904
396,0.01,0.28500000000000003,0.5600000000000003,0.14499999999999968,-885.9189456435291
397,0.01,0.28500000000000003,0.5850000000000003,0.11999999999999966,-946.7221691975595
398,0.01,0.28500000000000003,0.6100000000000003,0.09499999999999964,-1026.2381946950582
399,0.01,0.28500000000000003,0.6350000000000003,0.06999999999999962,-1135.70001325909
400,0.01,0.28500000000000003,0.6600000000000004,0.044999999999999596,-1301.6690161433855
401,0.01,0.28500000000000003,0.6850000000000004,0.019999999999999574,-1619.740849840987
402,0.01,0.31000000000000005,0.01,0.6699999999999999,-817.5985657146474
403,0.01,0.31000000000000005,0.035,0.6449999999999999,-790.2160207780546
404,0.01,0.31000000000000005,0.060000000000000005,0.6199999999999999,-766.3797056557175
405,0.01,0.31000000000000005,0.085,0.595,-745.7670587771318
406,0.01,0.31000000000000005,0.11000000000000001,0.57,-728.1292467645831
407,0.01,0.31000000000000005,0.135,0.5449999999999999,-713.2771376134339
408,0.01,0.31000000000000005,0.16,0.5199999999999999,-701.0716222263769
409,0.01,0.31000000000000005,0.185,0.4949999999999999,-691.4171237232183
410,0.01,0.31000000000000005,0.21,0.47,-684.2575846030575
411,0.01,0.31000000000000005,0.235,0.44499999999999995,-679.5745300151623
412,0.01,0.31000000000000005,0.26,0.41999999999999993,-677.387039661786
413,0.01,0.31000000000000005,0.28500000000000003,0.3949999999999999,-677.7536678276103
414,0.01,0.31000000000000005,0.31000000000000005,0.3699999999999999,-680.7765700467023
415,0.01,0.31000000000000005,0.3350000000000001,0.34499999999999986,-686.6083697930848
416,0.01,0.31000000000000005,0.3600000000000001,0.31999999999999984,-695.4626915886769
417,0.01,0.31000000000000005,0.3850000000000001,0.2949999999999998,-707.6299016700449
418,0.01,0.31000000000000005,0.41000000000000014,0.2699999999999998,-723.5006232239098
419,0.01,0.31000000000000005,0.43500000000000016,0.24499999999999977,-743.6014001405788
420,0.01,0.31000000000000005,0.4600000000000002,0.21999999999999975,-768.650238737654
421,0.01,0.31000000000000005,0.4850000000000002,0.19499999999999973,-799.6463590129033
422,0.01,0.31000000000000005,0.5100000000000002,0.1699999999999997,-838.0223835887904
423,0.01,0.31000000000000005,0.5350000000000003,0.14499999999999968,-885.9189456435291
424,0.01,0.31000000000000005,0.5600000000000003,0.11999999999999966,-946.7221691975595
425,0.01,0.31000000000000005,0.5850000000000003,0.09499999999999964,-1026.2381946950582
426,0.01,0.31000000000000005,0.6100000000000003,0.06999999999999962,-1135.70001325909
427,0.01,0.31000000000000005,0.6350000000000003,0.044999999999999596,-1301.6690161433855
428,0.01,0.31000000000000005,0.6600000000000004,0.019999999999999574,-1619.740849840987
429,0.01,0.3350000000000001,0.01,0.6449999999999999,-790.2160207780546
430,0.01,0.3350000000000001,0.035,0.6199999999999999,-766.3797056557175
431,0.01,0.3350000000000001,0.060000000000000005,0.595,-745.7670587771318
432,0.01,0.3350000000000001,0.085,0.5699999999999998,-728.1292467645831
433,0.01,0.3350000000000001,0.11000000000000001,0.5449999999999999,-713.2771376134339
434,0.01,0.3350000000000001,0.135,0.5199999999999999,-701.0716222263769
435,0.01,0.3350000000000001,0.16,0.4949999999999999,-691.4171237232183
436,0.01,0.3350000000000001,0.185,0.47,-684.2575846030575
437,0.01,0.3350000000000001,0.21,0.44499999999999995,-679.5745300151623
438,0.01,0.3350000000000001,0.235,0.41999999999999993,-677.387039661786
439,0.01,0.3350000000000001,0.26,0.3949999999999999,-677.7536678276103
440,0.01,0.3350000000000001,0.28500000000000003,0.3699999999999999,-680.7765700467023
441,0.01,0.3350000000000001,0.31000000000000005,0.34499999999999986,-686.6083697930848
442,0.01,0.3350000000000001,0.3350000000000001,0.31999999999999984,-695.4626915886769
443,0.01,0.3350000000000001,0.3600000000000001,0.2949999999999998,-707.6299016700449
444,0.01,0.3350000000000001,0.3850000000000001,0.2699999999999998,-723.5006232239098
445,0.01,0.3350000000000001,0.41000000000000014,0.24499999999999977,-743.6014001405788
446,0.01,0.3350000000000001,0.43500000000000016,0.21999999999999975,-768.650238737654
447,0.01,0.3350000000000001,0.4600000000000002,0.19499999999999973,-799.6463590129033
448,0.01,0.3350000000000001,0.4850000000000002,0.1699999999999997,-838.0223835887904
449,0.01,0.3350000000000001,0.5100000000000002,0.14499999999999968,-885.9189456435291
450,0.01,0.3350000000000001,0.5350000000000003,0.11999999999999966,-946.7221691975595
451,0.01,0.3350000000000001,0.5600000000000003,0.09499999999999964,-1026.2381946950582
452,0.01,0.3350000000000001,0.5850000000000003,0.06999999999999962,-1135.70001325909
453,0.01,0.3350000000000001,0.6100000000000003,0.044999999999999596,-1301.6690161433855
454,0.01,0.3350000000000001,0.6350000000000003,0.019999999999999574,-1619.740849840987
455,0.01,0.3600000000000001,0.01,0.6199999999999999,-766.3797056557175
456,0.01,0.3600000000000001,0.035,0.5949999999999999,-745.7670587771318
457,0.01,0.3600000000000001,0.060000000000000005,0.5699999999999998,-728.1292467645831
458,0.01,0.3600000000000001,0.085,0.5449999999999999,-713.2771376134339
459,0.01,0.3600000000000001,0.11000000000000001,0.5199999999999999,-701.0716222263769
460,0.01,0.3600000000000001,0.135,0.4949999999999999,-691.4171237232183
461,0.01,0.3600000000000001,0.16,0.46999999999999986,-684.2575846030575
462,0.01,0.3600000000000001,0.185,0.44499999999999984,-679.5745300151623
463,0.01,0.3600000000000001,0.21,0.41999999999999993,-677.387039661786
464,0.01,0.3600000000000001,0.235,0.3949999999999999,-677.7536678276103
465,0.01,0.3600000000000001,0.26,0.3699999999999999,-680.7765700467023
466,0.01,0.3600000000000001,0.28500000000000003,0.34499999999999986,-686.6083697930848
467,0.01,0.3600000000000001,0.31000000000000005,0.31999999999999984,-695.4626915886769
468,0.01,0.3600000000000001,0.3350000000000001,0.2949999999999998,-707.6299016700449
469,0.01,0.3600000000000001,0.3600000000000001,0.2699999999999998,-723.5006232239098
470,0.01,0.3600000000000001,0.3850000000000001,0.24499999999999977,-743.6014001405788
471,0.01,0.3600000000000001,0.41000000000000014,0.21999999999999975,-768.650238737654
472,0.01,0.3600000000000001,0.43500000000000016,0.19499999999999973,-799.6463590129033
473,0.01,0.3600000000000001,0.4600000000000002,0.1699999999999997,-838.0223835887904
474,0.01,0.3600000000000001,0.4850000000000002,0.14499999999999968,-885.9189456435291
475,0.01,0.3600000000000001,0.5100000000000002,0.11999999999999966,-946.7221691975595
476,0.01,0.3600000000000001,0.5350000000000003,0.09499999999999964,-1026.2381946950582
477,0.01,0.3600000000000001,0.5600000000000003,0.06999999999999962,-1135.70001325909
478,0.01,0.3600000000000001,0.5850000000000003,0.044999999999999596,-1301.6690161433855
479,0.01,0.3600000000000001,0.6100000000000003,0.019999999999999574,-1619.740849840987
480,0.01,0.3850000000000001,0.01,0.5949999999999999,-745.7670587771318
481,0.01,0.3850000000000001,0.035,0.5699999999999998,-728.1292467645831
482,0.01,0.3850000000000001,0.060000000000000005,0.5449999999999999,-713.2771376134339
483,0.01,0.3850000000000001,0.085,0.5199999999999998,-701.0716222263769
484,0.01,0.3850000000000001,0.11000000000000001,0.4949999999999999,-691.4171237232183
485,0.01,0.3850000000000001,0.135,0.46999999999999986,-684.2575846030575
486,0.01,0.3850000000000001,0.16,0.44499999999999984,-679.5745300151623
487,0.01,0.3850000000000001,0.185,0.41999999999999993,-677.387039661786
488,0.01,0.3850000000000001,0.21,0.3949999999999999,-677.7536678276103
489,0.01,0.3850000000000001,0.235,0.3699999999999999,-680.7765700467023
490,0.01,0.3850000000000001,0.26,0.34499999999999986,-686.6083697930848
491,0.01,0.3850000000000001,0.28500000000000003,0.31999999999999984,-695.4626915886769
492,0.01,0.3850000000000001,0.31000000000000005,0.2949999999999998,-707.6299016700449
493,0.01,0.3850000000000001,0.3350000000000001,0.2699999999999998,-723.5006232239098
494,0.01,0.3850000000000001,0.3600000000000001,0.24499999999999977,-743.6014001405788
495,0.01,0.3850000000000001,0.3850000000000001,0.21999999999999975,-768.650238737654
496,0.01,0.3850000000000001,0.41000000000000014,0.19499999999999973,-799.6463590129033
497,0.01,0.3850000000000001,0.43500000000000016,0.1699999999999997,-838.0223835887904
498,0.01,0.3850000000000001,0.4600000000000002,0.14499999999999968,-885.9189456435291
499,0.01,0.3850000000000001,0.4850000000000002,0.11999999999999966,-946.7221691975595
500,0.01,0.3850000000000001,0.5100000000000002,0.09499999999999964,-1026.2381946950582
501,0.01,0.3850000000000001,0.5350000000000003,0.06999999999999962,-1135.70001325909
502,0.01,0.3850000000000001,0.5600000000000003,0.044999999999999596,-1301.6690161433855
503,0.01,0.3850000000000001,0.5850000000000003,0.019999999999999574,-1619.740849840987
504,0.01,0.41000000000000014,0.01,0.5699999999999998,-728.1292467645831
505,0.01,0.41000000000000014,0.035,0.5449999999999998,-713.2771376134339
506,0.01,0.41000000000000014,0.060000000000000005,0.5199999999999998,-701.0716222263769
507,0.01,0.41000000000000014,0.085,0.4949999999999999,-691.4171237232183
508,0.01,0.41000000000000014,0.11000000000000001,0.46999999999999986,-684.2575846030575
509,0.01,0.41000000000000014,0.135,0.44499999999999984,-679.5745300151623
510,0.01,0.41000000000000014,0.16,0.4199999999999998,-677.387039661786
511,0.01,0.41000000000000014,0.185,0.3949999999999998,-677.7536678276103
512,0.01,0.41000000000000014,0.21,0.3699999999999999,-680.7765700467023
513,0.01,0.41000000000000014,0.235,0.34499999999999986,-686.6083697930848
514,0.01,0.41000000000000014,0.26,0.31999999999999984,-695.4626915886769
515,0.01,0.41000000000000014,0.28500000000000003,0.2949999999999998,-707.6299016700449
516,0.01,0.41000000000000014,0.31000000000000005,0.2699999999999998,-723.5006232239098
517,0.01,0.41000000000000014,0.3350000000000001,0.24499999999999977,-743.6014001405788
518,0.01,0.41000000000000014,0.3600000000000001,0.21999999999999975,-768.650238737654
519,0.01,0.41000000000000014,0.3850000000000001,0.19499999999999973,-799.6463590129033
520,0.01,0.41000000000000014,0.41000000000000014,0.1699999999999997,-838.0223835887904
521,0.01,0.41000000000000014,0.43500000000000016,0.14499999999999968,-885.9189456435291
522,0.01,0.41000000000000014,0.4600000000000002,0.11999999999999966,-946.7221691975595
523,0.01,0.41000000000000014,0.4850000000000002,0.09499999999999964,-1026.2381946950582
524,0.01,0.41000000000000014,0.5100000000000002,0.06999999999999962,-1135.70001325909
525,0.01,0.41000000000000014,0.5350000000000003,0.044999999999999596,-1301.6690161433855
526,0.01,0.41000000000000014,0.5600000000000003,0.019999999999999574,-1619.740849840987
527,0.01,0.43500000000000016,0.01,0.5449999999999998,-713.2771376134339
528,0.01,0.43500000000000016,0.035,0.5199999999999998,-701.0716222263769
529,0.01,0.43500000000000016,0.060000000000000005,0.4949999999999998,-691.4171237232183
530,0.01,0.43500000000000016,0.085,0.46999999999999986,-684.2575846030575
531,0.01,0.43500000000000016,0.11000000000000001,0.44499999999999984,-679.5745300151623
532,0.01,0.43500000000000016,0.135,0.4199999999999998,-677.387039661786
533,0.01,0.43500000000000016,0.16,0.3949999999999998,-677.7536678276103
534,0.01,0.43500000000000016,0.185,0.3699999999999999,-680.7765700467023
535,0.01,0.43500000000000016,0.21,0.34499999999999986,-686.6083697930848
536,0.01,0.43500000000000016,0.235,0.31999999999999984,-695.4626915886769
537,0.01,0.43500000000000016,0.26,0.2949999999999998,-707.6299016700449
538,0.01,0.43500000000000016,0.28500000000000003,0.2699999999999998,-723.5006232239098
539,0.01,0.43500000000000016,0.31000000000000005,0.24499999999999977,-743.6014001405788
540,0.01,0.43500000000000016,0.3350000000000001,0.21999999999999975,-768.650238737654
541,0.01,0.43500000000000016,0.3600000000000001,0.19499999999999973,-799.6463590129033
542,0.01,0.43500000000000016,0.3850000000000001,0.1699999999999997,-838.0223835887904
543,0.01,0.43500000000000016,0.41000000000000014,0.14499999999999968,-885.9189456435291
544,0.01,0.43500000000000016,0.43500000000000016,0.11999999999999966,-946.7221691975595
545,0.01,0.43500000000000016,0.4600000000000002,0.09499999999999964,-1026.2381946950582
546,0.01,0.43500000000000016,0.4850000000000002,0.06999999999999962,-1135.70001325909
547,0.01,0.43500000000000016,0.5100000000000002,0.044999999999999596,-1301.6690161433855
548,0.01,0.43500000000000016,0.5350000000000003,0.019999999999999574,-1619.740849840987
549,0.01,0.4600000000000002,0.01,0.5199999999999998,-701.0716222263769
550,0.01,0.4600000000000002,0.035,0.4949999999999998,-691.4171237232183
551,0.01,0.4600000000000002,0.060000000000000005,0.46999999999999975,-684.2575846030575
552,0.01,0.4600000000000002,0.085,0.44499999999999984,-679.5745300151623
553,0.01,0.4600000000000002,0.11000000000000001,0.4199999999999998,-677.387039661786
554,0.01,0.4600000000000002,0.135,0.3949999999999998,-677.7536678276103
555,0.01,0.4600000000000002,0.16,0.3699999999999998,-680.7765700467023
556,0.01,0.4600000000000002,0.185,0.34499999999999975,-686.6083697930848
557,0.01,0.4600000000000002,0.21,0.31999999999999984,-695.4626915886769
